world: world
x: -2.5
y: 167.0
z: -26.5
yaw: -180.14973
pitch: 3.4500546
name: animal
