world: world
x: -254.11321735728293
y: 164.0
z: -0.3238959834050037
yaw: 178.2024
pitch: 3.6002202
name: mine
