world: world
x: 207.5074813327672
y: 131.5
z: 60.465744916585145
yaw: -89.864006
pitch: 0.12339673
name: mon
