world: world
x: 127.48402649019772
y: 136.0
z: -136.4651075978287
yaw: -90.54346
pitch: -0.2998811
name: nether
