world: world
x: 3.4818534036635245
y: 164.5
z: 73.6466469583166
yaw: -88.05003
pitch: -1.4999211
name: shop
